13757
1000
50
52
52
52
52
52
52
52
52
52
52
52
52
52
52
52
52
52
52
52
52
52
52
52
52
52
52
52
52
52
52
52
52
54
54
54
54
54
54
54
54
54
54
54
54
54
54
54
54
54
54
54
54
54
54
54
54
54
54
54
54
54
56
56
56
56
56
56
56
56
56
56
56
56
56
56
56
56
56
56
56
56
56
56
56
56
56
56
56
58
58
58
58
58
58
58
58
58
58
58
58
58
58
58
58
58
58
58
58
58
58
58
58
58
58
60
60
60
60
60
60
60
60
60
60
60
60
60
60
60
60
60
60
60
60
60
60
60
60
60
62
62
62
62
62
62
62
62
62
62
62
62
62
62
62
62
62
62
62
62
62
62
62
62
64
64
64
64
64
64
64
64
64
64
64
64
64
64
64
64
64
64
64
66
66
66
66
66
66
66
66
66
66
66
66
66
66
66
66
66
66
66
66
66
66
66
68
68
68
68
68
68
68
68
68
68
68
68
68
68
70
70
70
70
70
70
70
70
70
70
70
70
70
70
70
70
70
70
70
70
70
72
72
72
72
72
72
72
72
72
72
72
72
72
72
72
72
74
74
74
74
74
74
74
74
74
74
74
74
74
74
76
76
76
76
76
76
76
76
76
76
76
76
76
76
76
76
76
78
78
78
78
78
78
78
78
78
78
78
78
78
78
78
78
78
80
80
80
80
80
80
80
80
80
80
80
80
80
82
82
82
82
82
82
82
82
82
82
82
82
82
82
84
84
84
84
84
84
84
84
84
84
84
84
84
84
84
84
84
84
84
86
86
86
86
86
86
86
86
86
86
86
86
86
86
88
88
88
88
88
88
88
88
88
88
88
88
88
88
90
90
90
90
90
90
90
90
90
92
92
92
92
92
92
92
92
92
94
94
94
94
94
94
94
96
96
96
96
96
96
96
96
96
98
98
98
98
98
98
98
98
98
98
98
98
100
100
100
100
100
100
100
100
102
102
102
102
102
102
102
102
104
104
104
104
104
104
104
104
104
106
106
106
106
106
106
106
106
106
108
108
108
108
108
108
108
108
108
108
108
110
110
110
110
110
110
110
110
112
112
112
112
112
112
112
112
114
114
114
114
114
114
114
114
116
116
116
116
116
116
116
116
116
116
116
118
118
118
118
118
118
118
118
118
118
120
120
120
120
120
120
120
120
122
122
122
122
122
122
122
124
124
124
124
124
126
126
126
126
126
126
128
128
128
128
128
128
128
128
130
130
130
130
130
130
130
132
132
132
132
132
134
134
134
134
134
136
136
136
136
136
138
138
138
138
138
138
138
140
140
140
140
140
140
142
142
144
144
144
144
144
144
146
146
146
148
148
148
150
150
150
150
150
150
150
152
152
152
152
154
154
156
156
156
156
156
156
156
158
158
158
158
158
160
160
160
160
160
160
160
160
160
160
162
162
162
164
164
164
166
166
166
166
166
168
168
168
168
170
170
170
170
170
170
170
172
172
172
172
172
174
174
174
174
174
176
176
176
176
176
178
178
178
178
180
180
180
180
182
182
182
182
182
184
184
184
184
184
186
186
186
188
190
190
192
192
192
192
192
194
194
194
196
196
198
200
200
200
200
202
202
202
204
204
204
204
204
206
206
208
208
208
208
210
210
210
210
210
210
212
212
214
214
216
216
216
216
218
218
220
220
220
222
222
222
222
224
226
226
226
228
230
230
232
232
232
234
234
236
238
238
238
240
242
242
246
246
246
246
246
248
250
250
250
250
252
254
256
256
258
258
260
260
260
262
262
262
264
264
264
266
266
268
268
268
268
270
272
272
274
274
276
278
282
282
284
284
286
286
288
288
290
290
292
292
292
294
294
296
298
300
300
302
302
304
306
306
308
308
308
312
314
318
320
320
322
326
328
332
334
334
336
338
342
344
344
344
344
350
352
354
356
358
358
362
364
364
368
370
372
376
378
380
382
386
388
390
394
396
398
398
400
402
404
404
404
410
412
414
420
422
422
422
428
428
430
432
433
434
440
440
444
450
454
460
460
462
468
472
474
482
486
488
494
496
500
502
502
506
510
516
518
526
530
536
540
542
546
556
560
568
576
586
592
596
598
600
604
610
612
628
630
636
638
640
650
660
662
666
674
676
680
694
710
710
716
740
746
756
768
798
806
814
844
848
858
884
888
894
906
922
932
934
956
980
1006
1022
1054
1062
1076
1088
1120
1182
1194
1206
1212
1242
1271
1288
1320
1362
1396
1458
1478
1522
1626
1662
1774
1812
1882
1986
2032
2158
2300
2366
2446
2552
2774
3630
4654
